0 0.78959 0.905826 0.0438874 0.954265 0.248271 0.867982 0.838708 0.922091 0.6534 0.550068 0.269132 0.682013 0.383552 0.901754 0.643302 0.91635 0.577013 0.00596198 0.751268 0.534517 
1 0.78959 0.759111 0.0438874 0.754712 0.248271 0.759111 0.754712 0.76279 0.754712 0.76279 0.269132 0.759111 0.594801 0.777724 0.594801 0.732921 0.732921 0.00596198 0.754137 0.76279 
2 0.758892 0.725724 0.118969 0.744213 0.124401 0.725724 0.734256 0.747694 0.728919 0.744213 0.124401 0.728919 0.734256 0.744827 0.729708 0.734256 0.744213 0.124401 0.718131 0.76279 
3 0.742222 0.725724 0.12078 0.738719 0.124401 0.738135 0.738719 0.739743 0.739391 0.739391 0.12078 0.73484 0.739391 0.739743 0.738135 0.736297 0.738719 0.124401 0.738135 0.737826 
4 0.742222 0.737121 0.12078 0.738144 0.123194 0.737809 0.738144 0.738752 0.738144 0.738752 0.123194 0.7329 0.737809 0.738759 0.738135 0.737232 0.736988 0.123194 0.737232 0.736988 
5 0.738924 0.736507 0.121584 0.736507 0.123194 0.737838 0.737838 0.738924 0.737838 0.737995 0.121584 0.736507 0.737728 0.737995 0.738924 0.737757 0.737758 0.123194 0.738098 0.737995 
6 0.73773 0.737596 0.121584 0.737781 0.123194 0.737781 0.737799 0.737781 0.73788 0.73794 0.121584 0.737809 0.737863 0.73794 0.737979 0.737734 0.737663 0.123194 0.73788 0.73794 
7 0.737844 0.737811 0.121584 0.737811 0.123194 0.737827 0.737827 0.737776 0.737811 0.737844 0.121584 0.73781 0.737827 0.737811 0.737844 0.73781 0.737796 0.123194 0.737894 0.737796 
8 0.737832 0.737817 0.121584 0.737814 0.123194 0.737829 0.737818 0.737815 0.73782 0.737832 0.121584 0.737817 0.737815 0.737815 0.737832 0.737828 0.737814 0.123194 0.737826 0.737813 
9 0.737832 0.737817 0.121584 0.737814 0.123194 0.737828 0.737818 0.737818 0.73782 0.73782 0.121584 0.737817 0.737823 0.737823 0.737828 0.73782 0.73782 0.123194 0.737823 0.737817 
10 0.737823 0.737817 0.121942 0.737822 0.122657 0.737828 0.737819 0.73782 0.73782 0.737822 0.121942 0.737817 0.737821 0.73782 0.737828 0.737819 0.737822 0.122657 0.737821 0.737819 
11 0.737824 0.737819 0.121942 0.737819 0.122657 0.737824 0.73782 0.73782 0.73782 0.737821 0.121942 0.73782 0.73782 0.737821 0.737824 0.73782 0.737822 0.122657 0.737822 0.737821 
12 0.737824 0.73782 0.121942 0.73782 0.122657 0.737821 0.737821 0.73782 0.737822 0.73782 0.121942 0.737821 0.737821 0.737821 0.737824 0.73782 0.737821 0.122657 0.737822 0.737821 
13 0.737824 0.73782 0.121942 0.73782 0.122657 0.737822 0.737821 0.737821 0.737821 0.737821 0.121942 0.73782 0.737821 0.737821 0.737822 0.737821 0.737821 0.122657 0.737822 0.737821 
14 0.737824 0.73782 0.121942 0.737821 0.122657 0.737821 0.737821 0.737821 0.737821 0.737821 0.121942 0.73782 0.737821 0.737821 0.737821 0.73782 0.737821 0.122657 0.737821 0.737821 
15 0.737822 0.737821 0.121942 0.737821 0.122419 0.737821 0.737821 0.737821 0.737821 0.737821 0.122419 0.737821 0.737821 0.737821 0.737822 0.737821 0.737821 0.122419 0.737821 0.737821 
16 0.737822 0.737821 0.121942 0.737821 0.122419 0.737821 0.737821 0.737821 0.737821 0.737821 0.122419 0.737821 0.737821 0.737821 0.737821 0.737821 0.737821 0.122419 0.737821 0.737821 
17 0.737821 0.737821 0.122101 0.737821 0.122419 0.737821 0.737821 0.737821 0.737821 0.737821 0.122101 0.737821 0.737821 0.737821 0.737821 0.737821 0.737821 0.122419 0.737821 0.737821 
18 0.737821 0.737821 0.122101 0.737821 0.122419 0.737821 0.737821 0.737821 0.737821 0.737821 0.122101 0.737821 0.737821 0.737821 0.737821 0.737821 0.737821 0.122419 0.737821 0.737821 
19 0.737821 0.737821 0.122101 0.737821 0.122419 0.737821 0.737821 0.737821 0.737821 0.737821 0.122101 0.737821 0.737821 0.737821 0.737821 0.737821 0.737821 0.122419 0.737821 0.737821 
20 0.737821 0.737821 0.122242 0.737821 0.122313 0.737821 0.737821 0.737821 0.737821 0.737821 0.122242 0.737821 0.737821 0.737821 0.737821 0.737821 0.737821 0.122313 0.737821 0.737821 
21 0.737821 0.737821 0.122242 0.737821 0.122313 0.737821 0.737821 0.737821 0.737821 0.737821 0.122242 0.737821 0.737821 0.737821 0.737821 0.737821 0.737821 0.122313 0.737821 0.737821 
22 0.737821 0.737821 0.122242 0.737821 0.122313 0.737821 0.737821 0.737821 0.737821 0.737821 0.122242 0.737821 0.737821 0.737821 0.737821 0.737821 0.737821 0.122313 0.737821 0.737821 
23 0.737821 0.737821 0.122242 0.737821 0.122289 0.737821 0.737821 0.737821 0.737821 0.737821 0.122289 0.737821 0.737821 0.737821 0.737821 0.737821 0.737821 0.122289 0.737821 0.737821 
24 0.737821 0.737821 0.122242 0.737821 0.122289 0.737821 0.737821 0.737821 0.737821 0.737821 0.122289 0.737821 0.737821 0.737821 0.737821 0.737821 0.737821 0.122289 0.737821 0.737821 
25 0.737821 0.737821 0.122274 0.737821 0.122284 0.737821 0.737821 0.737821 0.737821 0.737821 0.122284 0.737821 0.737821 0.737821 0.737821 0.737821 0.737821 0.122284 0.737821 0.737821 
26 0.737821 0.737821 0.122274 0.737821 0.122284 0.737821 0.737821 0.737821 0.737821 0.737821 0.122284 0.737821 0.737821 0.737821 0.737821 0.737821 0.737821 0.122284 0.737821 0.737821 
27 0.737821 0.737821 0.122281 0.737821 0.122284 0.737821 0.737821 0.737821 0.737821 0.737821 0.122281 0.737821 0.737821 0.737821 0.737821 0.737821 0.737821 0.122284 0.737821 0.737821 
28 0.737821 0.737821 0.122281 0.737821 0.122284 0.737821 0.737821 0.737821 0.737821 0.737821 0.122281 0.737821 0.737821 0.737821 0.737821 0.737821 0.737821 0.122284 0.737821 0.737821 
29 0.737821 0.737821 0.122281 0.737821 0.122284 0.737821 0.737821 0.737821 0.737821 0.737821 0.122281 0.737821 0.737821 0.737821 0.737821 0.737821 0.737821 0.122284 0.737821 0.737821 
30 0.737821 0.737821 0.122281 0.737821 0.122284 0.737821 0.737821 0.737821 0.737821 0.737821 0.122281 0.737821 0.737821 0.737821 0.737821 0.737821 0.737821 0.122284 0.737821 0.737821 
31 0.737821 0.737821 0.122281 0.737821 0.122284 0.737821 0.737821 0.737821 0.737821 0.737821 0.122281 0.737821 0.737821 0.737821 0.737821 0.737821 0.737821 0.122284 0.737821 0.737821 
32 0.737821 0.737821 0.122281 0.737821 0.122284 0.737821 0.737821 0.737821 0.737821 0.737821 0.122281 0.737821 0.737821 0.737821 0.737821 0.737821 0.737821 0.122284 0.737821 0.737821 
33 0.737821 0.737821 0.122281 0.737821 0.122284 0.737821 0.737821 0.737821 0.737821 0.737821 0.122281 0.737821 0.737821 0.737821 0.737821 0.737821 0.737821 0.122284 0.737821 0.737821 
34 0.737821 0.737821 0.122281 0.737821 0.122284 0.737821 0.737821 0.737821 0.737821 0.737821 0.122281 0.737821 0.737821 0.737821 0.737821 0.737821 0.737821 0.122284 0.737821 0.737821 
35 0.737821 0.737821 0.122281 0.737821 0.122284 0.737821 0.737821 0.737821 0.737821 0.737821 0.122281 0.737821 0.737821 0.737821 0.737821 0.737821 0.737821 0.122284 0.737821 0.737821 
36 0.737821 0.737821 0.122281 0.737821 0.122284 0.737821 0.737821 0.737821 0.737821 0.737821 0.122281 0.737821 0.737821 0.737821 0.737821 0.737821 0.737821 0.122284 0.737821 0.737821 
37 0.737821 0.737821 0.122281 0.737821 0.122284 0.737821 0.737821 0.737821 0.737821 0.737821 0.122281 0.737821 0.737821 0.737821 0.737821 0.737821 0.737821 0.122284 0.737821 0.737821 
38 0.737821 0.737821 0.122281 0.737821 0.122283 0.737821 0.737821 0.737821 0.737821 0.737821 0.122283 0.737821 0.737821 0.737821 0.737821 0.737821 0.737821 0.122283 0.737821 0.737821 
39 0.737821 0.737821 0.122282 0.737821 0.122283 0.737821 0.737821 0.737821 0.737821 0.737821 0.122282 0.737821 0.737821 0.737821 0.737821 0.737821 0.737821 0.122283 0.737821 0.737821 
40 0.737821 0.737821 0.122282 0.737821 0.122283 0.737821 0.737821 0.737821 0.737821 0.737821 0.122282 0.737821 0.737821 0.737821 0.737821 0.737821 0.737821 0.122283 0.737821 0.737821 
41 0.737821 0.737821 0.122282 0.737821 0.122283 0.737821 0.737821 0.737821 0.737821 0.737821 0.122282 0.737821 0.737821 0.737821 0.737821 0.737821 0.737821 0.122283 0.737821 0.737821 
42 0.737821 0.737821 0.122282 0.737821 0.122282 0.737821 0.737821 0.737821 0.737821 0.737821 0.122282 0.737821 0.737821 0.737821 0.737821 0.737821 0.737821 0.122282 0.737821 0.737821 
43 0.737821 0.737821 0.122282 0.737821 0.122282 0.737821 0.737821 0.737821 0.737821 0.737821 0.122282 0.737821 0.737821 0.737821 0.737821 0.737821 0.737821 0.122282 0.737821 0.737821 
44 0.737821 0.737821 0.122282 0.737821 0.122282 0.737821 0.737821 0.737821 0.737821 0.737821 0.122282 0.737821 0.737821 0.737821 0.737821 0.737821 0.737821 0.122282 0.737821 0.737821 
45 0.737821 0.737821 0.122282 0.737821 0.122282 0.737821 0.737821 0.737821 0.737821 0.737821 0.122282 0.737821 0.737821 0.737821 0.737821 0.737821 0.737821 0.122282 0.737821 0.737821 
46 0.737821 0.737821 0.122282 0.737821 0.122282 0.737821 0.737821 0.737821 0.737821 0.737821 0.122282 0.737821 0.737821 0.737821 0.737821 0.737821 0.737821 0.122282 0.737821 0.737821 
47 0.737821 0.737821 0.122282 0.737821 0.122282 0.737821 0.737821 0.737821 0.737821 0.737821 0.122282 0.737821 0.737821 0.737821 0.737821 0.737821 0.737821 0.122282 0.737821 0.737821 
48 0.737821 0.737821 0.122282 0.737821 0.122282 0.737821 0.737821 0.737821 0.737821 0.737821 0.122282 0.737821 0.737821 0.737821 0.737821 0.737821 0.737821 0.122282 0.737821 0.737821 
49 0.737821 0.737821 0.122282 0.737821 0.122282 0.737821 0.737821 0.737821 0.737821 0.737821 0.122282 0.737821 0.737821 0.737821 0.737821 0.737821 0.737821 0.122282 0.737821 0.737821 
50 0.737821 0.737821 0.122282 0.737821 0.122282 0.737821 0.737821 0.737821 0.737821 0.737821 0.122282 0.737821 0.737821 0.737821 0.737821 0.737821 0.737821 0.122282 0.737821 0.737821 
51 0.737821 0.737821 0.122282 0.737821 0.122282 0.737821 0.737821 0.737821 0.737821 0.737821 0.122282 0.737821 0.737821 0.737821 0.737821 0.737821 0.737821 0.122282 0.737821 0.737821 
52 0.737821 0.737821 0.122282 0.737821 0.122282 0.737821 0.737821 0.737821 0.737821 0.737821 0.122282 0.737821 0.737821 0.737821 0.737821 0.737821 0.737821 0.122282 0.737821 0.737821 
53 0.737821 0.737821 0.122282 0.737821 0.122282 0.737821 0.737821 0.737821 0.737821 0.737821 0.122282 0.737821 0.737821 0.737821 0.737821 0.737821 0.737821 0.122282 0.737821 0.737821 
54 0.737821 0.737821 0.122282 0.737821 0.122282 0.737821 0.737821 0.737821 0.737821 0.737821 0.122282 0.737821 0.737821 0.737821 0.737821 0.737821 0.737821 0.122282 0.737821 0.737821 
55 0.737821 0.737821 0.122282 0.737821 0.122282 0.737821 0.737821 0.737821 0.737821 0.737821 0.122282 0.737821 0.737821 0.737821 0.737821 0.737821 0.737821 0.122282 0.737821 0.737821 
56 0.737821 0.737821 0.122282 0.737821 0.122282 0.737821 0.737821 0.737821 0.737821 0.737821 0.122282 0.737821 0.737821 0.737821 0.737821 0.737821 0.737821 0.122282 0.737821 0.737821 
57 0.737821 0.737821 0.122282 0.737821 0.122282 0.737821 0.737821 0.737821 0.737821 0.737821 0.122282 0.737821 0.737821 0.737821 0.737821 0.737821 0.737821 0.122282 0.737821 0.737821 
58 0.737821 0.737821 0.122282 0.737821 0.122282 0.737821 0.737821 0.737821 0.737821 0.737821 0.122282 0.737821 0.737821 0.737821 0.737821 0.737821 0.737821 0.122282 0.737821 0.737821 
59 0.737821 0.737821 0.122282 0.737821 0.122282 0.737821 0.737821 0.737821 0.737821 0.737821 0.122282 0.737821 0.737821 0.737821 0.737821 0.737821 0.737821 0.122282 0.737821 0.737821 
60 0.737821 0.737821 0.122282 0.737821 0.122282 0.737821 0.737821 0.737821 0.737821 0.737821 0.122282 0.737821 0.737821 0.737821 0.737821 0.737821 0.737821 0.122282 0.737821 0.737821 
61 0.737821 0.737821 0.122282 0.737821 0.122282 0.737821 0.737821 0.737821 0.737821 0.737821 0.122282 0.737821 0.737821 0.737821 0.737821 0.737821 0.737821 0.122282 0.737821 0.737821 
62 0.737821 0.737821 0.122282 0.737821 0.122282 0.737821 0.737821 0.737821 0.737821 0.737821 0.122282 0.737821 0.737821 0.737821 0.737821 0.737821 0.737821 0.122282 0.737821 0.737821 
63 0.737821 0.737821 0.122282 0.737821 0.122282 0.737821 0.737821 0.737821 0.737821 0.737821 0.122282 0.737821 0.737821 0.737821 0.737821 0.737821 0.737821 0.122282 0.737821 0.737821 
64 0.737821 0.737821 0.122282 0.737821 0.122282 0.737821 0.737821 0.737821 0.737821 0.737821 0.122282 0.737821 0.737821 0.737821 0.737821 0.737821 0.737821 0.122282 0.737821 0.737821 
65 0.737821 0.737821 0.122282 0.737821 0.122282 0.737821 0.737821 0.737821 0.737821 0.737821 0.122282 0.737821 0.737821 0.737821 0.737821 0.737821 0.737821 0.122282 0.737821 0.737821 
66 0.737821 0.737821 0.122282 0.737821 0.122282 0.737821 0.737821 0.737821 0.737821 0.737821 0.122282 0.737821 0.737821 0.737821 0.737821 0.737821 0.737821 0.122282 0.737821 0.737821 
67 0.737821 0.737821 0.122282 0.737821 0.122282 0.737821 0.737821 0.737821 0.737821 0.737821 0.122282 0.737821 0.737821 0.737821 0.737821 0.737821 0.737821 0.122282 0.737821 0.737821 
68 0.737821 0.737821 0.122282 0.737821 0.122282 0.737821 0.737821 0.737821 0.737821 0.737821 0.122282 0.737821 0.737821 0.737821 0.737821 0.737821 0.737821 0.122282 0.737821 0.737821 
69 0.737821 0.737821 0.122282 0.737821 0.122282 0.737821 0.737821 0.737821 0.737821 0.737821 0.122282 0.737821 0.737821 0.737821 0.737821 0.737821 0.737821 0.122282 0.737821 0.737821 
70 0.737821 0.737821 0.122282 0.737821 0.122282 0.737821 0.737821 0.737821 0.737821 0.737821 0.122282 0.737821 0.737821 0.737821 0.737821 0.737821 0.737821 0.122282 0.737821 0.737821 
71 0.737821 0.737821 0.122282 0.737821 0.122282 0.737821 0.737821 0.737821 0.737821 0.737821 0.122282 0.737821 0.737821 0.737821 0.737821 0.737821 0.737821 0.122282 0.737821 0.737821 
72 0.737821 0.737821 0.122282 0.737821 0.122282 0.737821 0.737821 0.737821 0.737821 0.737821 0.122282 0.737821 0.737821 0.737821 0.737821 0.737821 0.737821 0.122282 0.737821 0.737821 
73 0.737821 0.737821 0.122282 0.737821 0.122282 0.737821 0.737821 0.737821 0.737821 0.737821 0.122282 0.737821 0.737821 0.737821 0.737821 0.737821 0.737821 0.122282 0.737821 0.737821 
74 0.737821 0.737821 0.122282 0.737821 0.122282 0.737821 0.737821 0.737821 0.737821 0.737821 0.122282 0.737821 0.737821 0.737821 0.737821 0.737821 0.737821 0.122282 0.737821 0.737821 
75 0.737821 0.737821 0.122282 0.737821 0.122282 0.737821 0.737821 0.737821 0.737821 0.737821 0.122282 0.737821 0.737821 0.737821 0.737821 0.737821 0.737821 0.122282 0.737821 0.737821 
76 0.737821 0.737821 0.122282 0.737821 0.122282 0.737821 0.737821 0.737821 0.737821 0.737821 0.122282 0.737821 0.737821 0.737821 0.737821 0.737821 0.737821 0.122282 0.737821 0.737821 
77 0.737821 0.737821 0.122282 0.737821 0.122282 0.737821 0.737821 0.737821 0.737821 0.737821 0.122282 0.737821 0.737821 0.737821 0.737821 0.737821 0.737821 0.122282 0.737821 0.737821 
78 0.737821 0.737821 0.122282 0.737821 0.122282 0.737821 0.737821 0.737821 0.737821 0.737821 0.122282 0.737821 0.737821 0.737821 0.737821 0.737821 0.737821 0.122282 0.737821 0.737821 
79 0.737821 0.737821 0.122282 0.737821 0.122282 0.737821 0.737821 0.737821 0.737821 0.737821 0.122282 0.737821 0.737821 0.737821 0.737821 0.737821 0.737821 0.122282 0.737821 0.737821 
80 0.737821 0.737821 0.122282 0.737821 0.122282 0.737821 0.737821 0.737821 0.737821 0.737821 0.122282 0.737821 0.737821 0.737821 0.737821 0.737821 0.737821 0.122282 0.737821 0.737821 
81 0.737821 0.737821 0.122282 0.737821 0.122282 0.737821 0.737821 0.737821 0.737821 0.737821 0.122282 0.737821 0.737821 0.737821 0.737821 0.737821 0.737821 0.122282 0.737821 0.737821 
82 0.737821 0.737821 0.122282 0.737821 0.122282 0.737821 0.737821 0.737821 0.737821 0.737821 0.122282 0.737821 0.737821 0.737821 0.737821 0.737821 0.737821 0.122282 0.737821 0.737821 
83 0.737821 0.737821 0.122282 0.737821 0.122282 0.737821 0.737821 0.737821 0.737821 0.737821 0.122282 0.737821 0.737821 0.737821 0.737821 0.737821 0.737821 0.122282 0.737821 0.737821 
84 0.737821 0.737821 0.122282 0.737821 0.122282 0.737821 0.737821 0.737821 0.737821 0.737821 0.122282 0.737821 0.737821 0.737821 0.737821 0.737821 0.737821 0.122282 0.737821 0.737821 
85 0.737821 0.737821 0.122282 0.737821 0.122282 0.737821 0.737821 0.737821 0.737821 0.737821 0.122282 0.737821 0.737821 0.737821 0.737821 0.737821 0.737821 0.122282 0.737821 0.737821 
86 0.737821 0.737821 0.122282 0.737821 0.122282 0.737821 0.737821 0.737821 0.737821 0.737821 0.122282 0.737821 0.737821 0.737821 0.737821 0.737821 0.737821 0.122282 0.737821 0.737821 
87 0.737821 0.737821 0.122282 0.737821 0.122282 0.737821 0.737821 0.737821 0.737821 0.737821 0.122282 0.737821 0.737821 0.737821 0.737821 0.737821 0.737821 0.122282 0.737821 0.737821 
88 0.737821 0.737821 0.122282 0.737821 0.122282 0.737821 0.737821 0.737821 0.737821 0.737821 0.122282 0.737821 0.737821 0.737821 0.737821 0.737821 0.737821 0.122282 0.737821 0.737821 
89 0.737821 0.737821 0.122282 0.737821 0.122282 0.737821 0.737821 0.737821 0.737821 0.737821 0.122282 0.737821 0.737821 0.737821 0.737821 0.737821 0.737821 0.122282 0.737821 0.737821 
90 0.737821 0.737821 0.122282 0.737821 0.122282 0.737821 0.737821 0.737821 0.737821 0.737821 0.122282 0.737821 0.737821 0.737821 0.737821 0.737821 0.737821 0.122282 0.737821 0.737821 
91 0.737821 0.737821 0.122282 0.737821 0.122282 0.737821 0.737821 0.737821 0.737821 0.737821 0.122282 0.737821 0.737821 0.737821 0.737821 0.737821 0.737821 0.122282 0.737821 0.737821 
92 0.737821 0.737821 0.122282 0.737821 0.122282 0.737821 0.737821 0.737821 0.737821 0.737821 0.122282 0.737821 0.737821 0.737821 0.737821 0.737821 0.737821 0.122282 0.737821 0.737821 
93 0.737821 0.737821 0.122282 0.737821 0.122282 0.737821 0.737821 0.737821 0.737821 0.737821 0.122282 0.737821 0.737821 0.737821 0.737821 0.737821 0.737821 0.122282 0.737821 0.737821 
94 0.737821 0.737821 0.122282 0.737821 0.122282 0.737821 0.737821 0.737821 0.737821 0.737821 0.122282 0.737821 0.737821 0.737821 0.737821 0.737821 0.737821 0.122282 0.737821 0.737821 
95 0.737821 0.737821 0.122282 0.737821 0.122282 0.737821 0.737821 0.737821 0.737821 0.737821 0.122282 0.737821 0.737821 0.737821 0.737821 0.737821 0.737821 0.122282 0.737821 0.737821 
96 0.737821 0.737821 0.122282 0.737821 0.122282 0.737821 0.737821 0.737821 0.737821 0.737821 0.122282 0.737821 0.737821 0.737821 0.737821 0.737821 0.737821 0.122282 0.737821 0.737821 
97 0.737821 0.737821 0.122282 0.737821 0.122282 0.737821 0.737821 0.737821 0.737821 0.737821 0.122282 0.737821 0.737821 0.737821 0.737821 0.737821 0.737821 0.122282 0.737821 0.737821 
98 0.737821 0.737821 0.122282 0.737821 0.122282 0.737821 0.737821 0.737821 0.737821 0.737821 0.122282 0.737821 0.737821 0.737821 0.737821 0.737821 0.737821 0.122282 0.737821 0.737821 
99 0.737821 0.737821 0.122282 0.737821 0.122282 0.737821 0.737821 0.737821 0.737821 0.737821 0.122282 0.737821 0.737821 0.737821 0.737821 0.737821 0.737821 0.122282 0.737821 0.737821 
100 0.737821 0.737821 0.122282 0.737821 0.122282 0.737821 0.737821 0.737821 0.737821 0.737821 0.122282 0.737821 0.737821 0.737821 0.737821 0.737821 0.737821 0.122282 0.737821 0.737821 
101 0.737821 0.737821 0.122282 0.737821 0.122282 0.737821 0.737821 0.737821 0.737821 0.737821 0.122282 0.737821 0.737821 0.737821 0.737821 0.737821 0.737821 0.122282 0.737821 0.737821 
102 0.737821 0.737821 0.122282 0.737821 0.122282 0.737821 0.737821 0.737821 0.737821 0.737821 0.122282 0.737821 0.737821 0.737821 0.737821 0.737821 0.737821 0.122282 0.737821 0.737821 
103 0.737821 0.737821 0.122282 0.737821 0.122282 0.737821 0.737821 0.737821 0.737821 0.737821 0.122282 0.737821 0.737821 0.737821 0.737821 0.737821 0.737821 0.122282 0.737821 0.737821 
104 0.737821 0.737821 0.122282 0.737821 0.122282 0.737821 0.737821 0.737821 0.737821 0.737821 0.122282 0.737821 0.737821 0.737821 0.737821 0.737821 0.737821 0.122282 0.737821 0.737821 
105 0.737821 0.737821 0.122282 0.737821 0.122282 0.737821 0.737821 0.737821 0.737821 0.737821 0.122282 0.737821 0.737821 0.737821 0.737821 0.737821 0.737821 0.122282 0.737821 0.737821 
106 0.737821 0.737821 0.122282 0.737821 0.122282 0.737821 0.737821 0.737821 0.737821 0.737821 0.122282 0.737821 0.737821 0.737821 0.737821 0.737821 0.737821 0.122282 0.737821 0.737821 
107 0.737821 0.737821 0.122282 0.737821 0.122282 0.737821 0.737821 0.737821 0.737821 0.737821 0.122282 0.737821 0.737821 0.737821 0.737821 0.737821 0.737821 0.122282 0.737821 0.737821 
108 0.737821 0.737821 0.122282 0.737821 0.122282 0.737821 0.737821 0.737821 0.737821 0.737821 0.122282 0.737821 0.737821 0.737821 0.737821 0.737821 0.737821 0.122282 0.737821 0.737821 
109 0.737821 0.737821 0.122282 0.737821 0.122282 0.737821 0.737821 0.737821 0.737821 0.737821 0.122282 0.737821 0.737821 0.737821 0.737821 0.737821 0.737821 0.122282 0.737821 0.737821 
110 0.737821 0.737821 0.122282 0.737821 0.122282 0.737821 0.737821 0.737821 0.737821 0.737821 0.122282 0.737821 0.737821 0.737821 0.737821 0.737821 0.737821 0.122282 0.737821 0.737821 
111 0.737821 0.737821 0.122282 0.737821 0.122282 0.737821 0.737821 0.737821 0.737821 0.737821 0.122282 0.737821 0.737821 0.737821 0.737821 0.737821 0.737821 0.122282 0.737821 0.737821 
112 0.737821 0.737821 0.122282 0.737821 0.122282 0.737821 0.737821 0.737821 0.737821 0.737821 0.122282 0.737821 0.737821 0.737821 0.737821 0.737821 0.737821 0.122282 0.737821 0.737821 
113 0.737821 0.737821 0.122282 0.737821 0.122282 0.737821 0.737821 0.737821 0.737821 0.737821 0.122282 0.737821 0.737821 0.737821 0.737821 0.737821 0.737821 0.122282 0.737821 0.737821 
114 0.737821 0.737821 0.122282 0.737821 0.122282 0.737821 0.737821 0.737821 0.737821 0.737821 0.122282 0.737821 0.737821 0.737821 0.737821 0.737821 0.737821 0.122282 0.737821 0.737821 
115 0.737821 0.737821 0.122282 0.737821 0.122282 0.737821 0.737821 0.737821 0.737821 0.737821 0.122282 0.737821 0.737821 0.737821 0.737821 0.737821 0.737821 0.122282 0.737821 0.737821 
116 0.737821 0.737821 0.122282 0.737821 0.122282 0.737821 0.737821 0.737821 0.737821 0.737821 0.122282 0.737821 0.737821 0.737821 0.737821 0.737821 0.737821 0.122282 0.737821 0.737821 
117 0.737821 0.737821 0.122282 0.737821 0.122282 0.737821 0.737821 0.737821 0.737821 0.737821 0.122282 0.737821 0.737821 0.737821 0.737821 0.737821 0.737821 0.122282 0.737821 0.737821 
118 0.737821 0.737821 0.122282 0.737821 0.122282 0.737821 0.737821 0.737821 0.737821 0.737821 0.122282 0.737821 0.737821 0.737821 0.737821 0.737821 0.737821 0.122282 0.737821 0.737821 
119 0.737821 0.737821 0.122282 0.737821 0.122282 0.737821 0.737821 0.737821 0.737821 0.737821 0.122282 0.737821 0.737821 0.737821 0.737821 0.737821 0.737821 0.122282 0.737821 0.737821 
120 0.737821 0.737821 0.122282 0.737821 0.122282 0.737821 0.737821 0.737821 0.737821 0.737821 0.122282 0.737821 0.737821 0.737821 0.737821 0.737821 0.737821 0.122282 0.737821 0.737821 
121 0.737821 0.737821 0.122282 0.737821 0.122282 0.737821 0.737821 0.737821 0.737821 0.737821 0.122282 0.737821 0.737821 0.737821 0.737821 0.737821 0.737821 0.122282 0.737821 0.737821 
122 0.737821 0.737821 0.122282 0.737821 0.122282 0.737821 0.737821 0.737821 0.737821 0.737821 0.122282 0.737821 0.737821 0.737821 0.737821 0.737821 0.737821 0.122282 0.737821 0.737821 
123 0.737821 0.737821 0.122282 0.737821 0.122282 0.737821 0.737821 0.737821 0.737821 0.737821 0.122282 0.737821 0.737821 0.737821 0.737821 0.737821 0.737821 0.122282 0.737821 0.737821 
124 0.737821 0.737821 0.122282 0.737821 0.122282 0.737821 0.737821 0.737821 0.737821 0.737821 0.122282 0.737821 0.737821 0.737821 0.737821 0.737821 0.737821 0.122282 0.737821 0.737821 
125 0.737821 0.737821 0.122282 0.737821 0.122282 0.737821 0.737821 0.737821 0.737821 0.737821 0.122282 0.737821 0.737821 0.737821 0.737821 0.737821 0.737821 0.122282 0.737821 0.737821 
126 0.737821 0.737821 0.122282 0.737821 0.122282 0.737821 0.737821 0.737821 0.737821 0.737821 0.122282 0.737821 0.737821 0.737821 0.737821 0.737821 0.737821 0.122282 0.737821 0.737821 
127 0.737821 0.737821 0.122282 0.737821 0.122282 0.737821 0.737821 0.737821 0.737821 0.737821 0.122282 0.737821 0.737821 0.737821 0.737821 0.737821 0.737821 0.122282 0.737821 0.737821 
128 0.737821 0.737821 0.122282 0.737821 0.122282 0.737821 0.737821 0.737821 0.737821 0.737821 0.122282 0.737821 0.737821 0.737821 0.737821 0.737821 0.737821 0.122282 0.737821 0.737821 
129 0.737821 0.737821 0.122282 0.737821 0.122282 0.737821 0.737821 0.737821 0.737821 0.737821 0.122282 0.737821 0.737821 0.737821 0.737821 0.737821 0.737821 0.122282 0.737821 0.737821 
130 0.737821 0.737821 0.122282 0.737821 0.122282 0.737821 0.737821 0.737821 0.737821 0.737821 0.122282 0.737821 0.737821 0.737821 0.737821 0.737821 0.737821 0.122282 0.737821 0.737821 
131 0.737821 0.737821 0.122282 0.737821 0.122282 0.737821 0.737821 0.737821 0.737821 0.737821 0.122282 0.737821 0.737821 0.737821 0.737821 0.737821 0.737821 0.122282 0.737821 0.737821 
132 0.737821 0.737821 0.122282 0.737821 0.122282 0.737821 0.737821 0.737821 0.737821 0.737821 0.122282 0.737821 0.737821 0.737821 0.737821 0.737821 0.737821 0.122282 0.737821 0.737821 
133 0.737821 0.737821 0.122282 0.737821 0.122282 0.737821 0.737821 0.737821 0.737821 0.737821 0.122282 0.737821 0.737821 0.737821 0.737821 0.737821 0.737821 0.122282 0.737821 0.737821 
134 0.737821 0.737821 0.122282 0.737821 0.122282 0.737821 0.737821 0.737821 0.737821 0.737821 0.122282 0.737821 0.737821 0.737821 0.737821 0.737821 0.737821 0.122282 0.737821 0.737821 
135 0.737821 0.737821 0.122282 0.737821 0.122282 0.737821 0.737821 0.737821 0.737821 0.737821 0.122282 0.737821 0.737821 0.737821 0.737821 0.737821 0.737821 0.122282 0.737821 0.737821 
136 0.737821 0.737821 0.122282 0.737821 0.122282 0.737821 0.737821 0.737821 0.737821 0.737821 0.122282 0.737821 0.737821 0.737821 0.737821 0.737821 0.737821 0.122282 0.737821 0.737821 
137 0.737821 0.737821 0.122282 0.737821 0.122282 0.737821 0.737821 0.737821 0.737821 0.737821 0.122282 0.737821 0.737821 0.737821 0.737821 0.737821 0.737821 0.122282 0.737821 0.737821 
138 0.737821 0.737821 0.122282 0.737821 0.122282 0.737821 0.737821 0.737821 0.737821 0.737821 0.122282 0.737821 0.737821 0.737821 0.737821 0.737821 0.737821 0.122282 0.737821 0.737821 
139 0.737821 0.737821 0.122282 0.737821 0.122282 0.737821 0.737821 0.737821 0.737821 0.737821 0.122282 0.737821 0.737821 0.737821 0.737821 0.737821 0.737821 0.122282 0.737821 0.737821 
140 0.737821 0.737821 0.122282 0.737821 0.122282 0.737821 0.737821 0.737821 0.737821 0.737821 0.122282 0.737821 0.737821 0.737821 0.737821 0.737821 0.737821 0.122282 0.737821 0.737821 
141 0.737821 0.737821 0.122282 0.737821 0.122282 0.737821 0.737821 0.737821 0.737821 0.737821 0.122282 0.737821 0.737821 0.737821 0.737821 0.737821 0.737821 0.122282 0.737821 0.737821 
142 0.737821 0.737821 0.122282 0.737821 0.122282 0.737821 0.737821 0.737821 0.737821 0.737821 0.122282 0.737821 0.737821 0.737821 0.737821 0.737821 0.737821 0.122282 0.737821 0.737821 
143 0.737821 0.737821 0.122282 0.737821 0.122282 0.737821 0.737821 0.737821 0.737821 0.737821 0.122282 0.737821 0.737821 0.737821 0.737821 0.737821 0.737821 0.122282 0.737821 0.737821 
144 0.737821 0.737821 0.122282 0.737821 0.122282 0.737821 0.737821 0.737821 0.737821 0.737821 0.122282 0.737821 0.737821 0.737821 0.737821 0.737821 0.737821 0.122282 0.737821 0.737821 
145 0.737821 0.737821 0.122282 0.737821 0.122282 0.737821 0.737821 0.737821 0.737821 0.737821 0.122282 0.737821 0.737821 0.737821 0.737821 0.737821 0.737821 0.122282 0.737821 0.737821 
146 0.737821 0.737821 0.122282 0.737821 0.122282 0.737821 0.737821 0.737821 0.737821 0.737821 0.122282 0.737821 0.737821 0.737821 0.737821 0.737821 0.737821 0.122282 0.737821 0.737821 
147 0.737821 0.737821 0.122282 0.737821 0.122282 0.737821 0.737821 0.737821 0.737821 0.737821 0.122282 0.737821 0.737821 0.737821 0.737821 0.737821 0.737821 0.122282 0.737821 0.737821 
148 0.737821 0.737821 0.122282 0.737821 0.122282 0.737821 0.737821 0.737821 0.737821 0.737821 0.122282 0.737821 0.737821 0.737821 0.737821 0.737821 0.737821 0.122282 0.737821 0.737821 
149 0.737821 0.737821 0.122282 0.737821 0.122282 0.737821 0.737821 0.737821 0.737821 0.737821 0.122282 0.737821 0.737821 0.737821 0.737821 0.737821 0.737821 0.122282 0.737821 0.737821 
150 0.737821 0.737821 0.122282 0.737821 0.122282 0.737821 0.737821 0.737821 0.737821 0.737821 0.122282 0.737821 0.737821 0.737821 0.737821 0.737821 0.737821 0.122282 0.737821 0.737821 
151 0.737821 0.737821 0.122282 0.737821 0.122282 0.737821 0.737821 0.737821 0.737821 0.737821 0.122282 0.737821 0.737821 0.737821 0.737821 0.737821 0.737821 0.122282 0.737821 0.737821 
152 0.737821 0.737821 0.122282 0.737821 0.122282 0.737821 0.737821 0.737821 0.737821 0.737821 0.122282 0.737821 0.737821 0.737821 0.737821 0.737821 0.737821 0.122282 0.737821 0.737821 
153 0.737821 0.737821 0.122282 0.737821 0.122282 0.737821 0.737821 0.737821 0.737821 0.737821 0.122282 0.737821 0.737821 0.737821 0.737821 0.737821 0.737821 0.122282 0.737821 0.737821 
154 0.737821 0.737821 0.122282 0.737821 0.122282 0.737821 0.737821 0.737821 0.737821 0.737821 0.122282 0.737821 0.737821 0.737821 0.737821 0.737821 0.737821 0.122282 0.737821 0.737821 
155 0.737821 0.737821 0.122282 0.737821 0.122282 0.737821 0.737821 0.737821 0.737821 0.737821 0.122282 0.737821 0.737821 0.737821 0.737821 0.737821 0.737821 0.122282 0.737821 0.737821 
156 0.737821 0.737821 0.122282 0.737821 0.122282 0.737821 0.737821 0.737821 0.737821 0.737821 0.122282 0.737821 0.737821 0.737821 0.737821 0.737821 0.737821 0.122282 0.737821 0.737821 
157 0.737821 0.737821 0.122282 0.737821 0.122282 0.737821 0.737821 0.737821 0.737821 0.737821 0.122282 0.737821 0.737821 0.737821 0.737821 0.737821 0.737821 0.122282 0.737821 0.737821 
158 0.737821 0.737821 0.122282 0.737821 0.122282 0.737821 0.737821 0.737821 0.737821 0.737821 0.122282 0.737821 0.737821 0.737821 0.737821 0.737821 0.737821 0.122282 0.737821 0.737821 
159 0.737821 0.737821 0.122282 0.737821 0.122282 0.737821 0.737821 0.737821 0.737821 0.737821 0.122282 0.737821 0.737821 0.737821 0.737821 0.737821 0.737821 0.122282 0.737821 0.737821 
160 0.737821 0.737821 0.122282 0.737821 0.122282 0.737821 0.737821 0.737821 0.737821 0.737821 0.122282 0.737821 0.737821 0.737821 0.737821 0.737821 0.737821 0.122282 0.737821 0.737821 
161 0.737821 0.737821 0.122282 0.737821 0.122282 0.737821 0.737821 0.737821 0.737821 0.737821 0.122282 0.737821 0.737821 0.737821 0.737821 0.737821 0.737821 0.122282 0.737821 0.737821 
162 0.737821 0.737821 0.122282 0.737821 0.122282 0.737821 0.737821 0.737821 0.737821 0.737821 0.122282 0.737821 0.737821 0.737821 0.737821 0.737821 0.737821 0.122282 0.737821 0.737821 
163 0.737821 0.737821 0.122282 0.737821 0.122282 0.737821 0.737821 0.737821 0.737821 0.737821 0.122282 0.737821 0.737821 0.737821 0.737821 0.737821 0.737821 0.122282 0.737821 0.737821 
164 0.737821 0.737821 0.122282 0.737821 0.122282 0.737821 0.737821 0.737821 0.737821 0.737821 0.122282 0.737821 0.737821 0.737821 0.737821 0.737821 0.737821 0.122282 0.737821 0.737821 
165 0.737821 0.737821 0.122282 0.737821 0.122282 0.737821 0.737821 0.737821 0.737821 0.737821 0.122282 0.737821 0.737821 0.737821 0.737821 0.737821 0.737821 0.122282 0.737821 0.737821 
166 0.737821 0.737821 0.122282 0.737821 0.122282 0.737821 0.737821 0.737821 0.737821 0.737821 0.122282 0.737821 0.737821 0.737821 0.737821 0.737821 0.737821 0.122282 0.737821 0.737821 
167 0.737821 0.737821 0.122282 0.737821 0.122282 0.737821 0.737821 0.737821 0.737821 0.737821 0.122282 0.737821 0.737821 0.737821 0.737821 0.737821 0.737821 0.122282 0.737821 0.737821 
168 0.737821 0.737821 0.122282 0.737821 0.122282 0.737821 0.737821 0.737821 0.737821 0.737821 0.122282 0.737821 0.737821 0.737821 0.737821 0.737821 0.737821 0.122282 0.737821 0.737821 
169 0.737821 0.737821 0.122282 0.737821 0.122282 0.737821 0.737821 0.737821 0.737821 0.737821 0.122282 0.737821 0.737821 0.737821 0.737821 0.737821 0.737821 0.122282 0.737821 0.737821 
170 0.737821 0.737821 0.122282 0.737821 0.122282 0.737821 0.737821 0.737821 0.737821 0.737821 0.122282 0.737821 0.737821 0.737821 0.737821 0.737821 0.737821 0.122282 0.737821 0.737821 
171 0.737821 0.737821 0.122282 0.737821 0.122282 0.737821 0.737821 0.737821 0.737821 0.737821 0.122282 0.737821 0.737821 0.737821 0.737821 0.737821 0.737821 0.122282 0.737821 0.737821 
172 0.737821 0.737821 0.122282 0.737821 0.122282 0.737821 0.737821 0.737821 0.737821 0.737821 0.122282 0.737821 0.737821 0.737821 0.737821 0.737821 0.737821 0.122282 0.737821 0.737821 
173 0.737821 0.737821 0.122282 0.737821 0.122282 0.737821 0.737821 0.737821 0.737821 0.737821 0.122282 0.737821 0.737821 0.737821 0.737821 0.737821 0.737821 0.122282 0.737821 0.737821 
174 0.737821 0.737821 0.122282 0.737821 0.122282 0.737821 0.737821 0.737821 0.737821 0.737821 0.122282 0.737821 0.737821 0.737821 0.737821 0.737821 0.737821 0.122282 0.737821 0.737821 
175 0.737821 0.737821 0.122282 0.737821 0.122282 0.737821 0.737821 0.737821 0.737821 0.737821 0.122282 0.737821 0.737821 0.737821 0.737821 0.737821 0.737821 0.122282 0.737821 0.737821 
176 0.737821 0.737821 0.122282 0.737821 0.122282 0.737821 0.737821 0.737821 0.737821 0.737821 0.122282 0.737821 0.737821 0.737821 0.737821 0.737821 0.737821 0.122282 0.737821 0.737821 
177 0.737821 0.737821 0.122282 0.737821 0.122282 0.737821 0.737821 0.737821 0.737821 0.737821 0.122282 0.737821 0.737821 0.737821 0.737821 0.737821 0.737821 0.122282 0.737821 0.737821 
178 0.737821 0.737821 0.122282 0.737821 0.122282 0.737821 0.737821 0.737821 0.737821 0.737821 0.122282 0.737821 0.737821 0.737821 0.737821 0.737821 0.737821 0.122282 0.737821 0.737821 
179 0.737821 0.737821 0.122282 0.737821 0.122282 0.737821 0.737821 0.737821 0.737821 0.737821 0.122282 0.737821 0.737821 0.737821 0.737821 0.737821 0.737821 0.122282 0.737821 0.737821 
180 0.737821 0.737821 0.122282 0.737821 0.122282 0.737821 0.737821 0.737821 0.737821 0.737821 0.122282 0.737821 0.737821 0.737821 0.737821 0.737821 0.737821 0.122282 0.737821 0.737821 
181 0.737821 0.737821 0.122282 0.737821 0.122282 0.737821 0.737821 0.737821 0.737821 0.737821 0.122282 0.737821 0.737821 0.737821 0.737821 0.737821 0.737821 0.122282 0.737821 0.737821 
182 0.737821 0.737821 0.122282 0.737821 0.122282 0.737821 0.737821 0.737821 0.737821 0.737821 0.122282 0.737821 0.737821 0.737821 0.737821 0.737821 0.737821 0.122282 0.737821 0.737821 
183 0.737821 0.737821 0.122282 0.737821 0.122282 0.737821 0.737821 0.737821 0.737821 0.737821 0.122282 0.737821 0.737821 0.737821 0.737821 0.737821 0.737821 0.122282 0.737821 0.737821 
184 0.737821 0.737821 0.122282 0.737821 0.122282 0.737821 0.737821 0.737821 0.737821 0.737821 0.122282 0.737821 0.737821 0.737821 0.737821 0.737821 0.737821 0.122282 0.737821 0.737821 
185 0.737821 0.737821 0.122282 0.737821 0.122282 0.737821 0.737821 0.737821 0.737821 0.737821 0.122282 0.737821 0.737821 0.737821 0.737821 0.737821 0.737821 0.122282 0.737821 0.737821 
186 0.737821 0.737821 0.122282 0.737821 0.122282 0.737821 0.737821 0.737821 0.737821 0.737821 0.122282 0.737821 0.737821 0.737821 0.737821 0.737821 0.737821 0.122282 0.737821 0.737821 
187 0.737821 0.737821 0.122282 0.737821 0.122282 0.737821 0.737821 0.737821 0.737821 0.737821 0.122282 0.737821 0.737821 0.737821 0.737821 0.737821 0.737821 0.122282 0.737821 0.737821 
188 0.737821 0.737821 0.122282 0.737821 0.122282 0.737821 0.737821 0.737821 0.737821 0.737821 0.122282 0.737821 0.737821 0.737821 0.737821 0.737821 0.737821 0.122282 0.737821 0.737821 
189 0.737821 0.737821 0.122282 0.737821 0.122282 0.737821 0.737821 0.737821 0.737821 0.737821 0.122282 0.737821 0.737821 0.737821 0.737821 0.737821 0.737821 0.122282 0.737821 0.737821 
190 0.737821 0.737821 0.122282 0.737821 0.122282 0.737821 0.737821 0.737821 0.737821 0.737821 0.122282 0.737821 0.737821 0.737821 0.737821 0.737821 0.737821 0.122282 0.737821 0.737821 
191 0.737821 0.737821 0.122282 0.737821 0.122282 0.737821 0.737821 0.737821 0.737821 0.737821 0.122282 0.737821 0.737821 0.737821 0.737821 0.737821 0.737821 0.122282 0.737821 0.737821 
192 0.737821 0.737821 0.122282 0.737821 0.122282 0.737821 0.737821 0.737821 0.737821 0.737821 0.122282 0.737821 0.737821 0.737821 0.737821 0.737821 0.737821 0.122282 0.737821 0.737821 
193 0.737821 0.737821 0.122282 0.737821 0.122282 0.737821 0.737821 0.737821 0.737821 0.737821 0.122282 0.737821 0.737821 0.737821 0.737821 0.737821 0.737821 0.122282 0.737821 0.737821 
194 0.737821 0.737821 0.122282 0.737821 0.122282 0.737821 0.737821 0.737821 0.737821 0.737821 0.122282 0.737821 0.737821 0.737821 0.737821 0.737821 0.737821 0.122282 0.737821 0.737821 
195 0.737821 0.737821 0.122282 0.737821 0.122282 0.737821 0.737821 0.737821 0.737821 0.737821 0.122282 0.737821 0.737821 0.737821 0.737821 0.737821 0.737821 0.122282 0.737821 0.737821 
196 0.737821 0.737821 0.122282 0.737821 0.122282 0.737821 0.737821 0.737821 0.737821 0.737821 0.122282 0.737821 0.737821 0.737821 0.737821 0.737821 0.737821 0.122282 0.737821 0.737821 
197 0.737821 0.737821 0.122282 0.737821 0.122282 0.737821 0.737821 0.737821 0.737821 0.737821 0.122282 0.737821 0.737821 0.737821 0.737821 0.737821 0.737821 0.122282 0.737821 0.737821 
198 0.737821 0.737821 0.122282 0.737821 0.122282 0.737821 0.737821 0.737821 0.737821 0.737821 0.122282 0.737821 0.737821 0.737821 0.737821 0.737821 0.737821 0.122282 0.737821 0.737821 
199 0.737821 0.737821 0.122282 0.737821 0.122282 0.737821 0.737821 0.737821 0.737821 0.737821 0.122282 0.737821 0.737821 0.737821 0.737821 0.737821 0.737821 0.122282 0.737821 0.737821 
